202447012401
202447012402
202447012403
202447012404
202447012405
202447012406
202447012407
202447012408
202447012409
202454012310
202455022204
202443020503
202443020504
202443020505
202443020506
202443020507
202443020508
202443020509
202443020510
202443020511
202443020512
202446031001
202446031002
202446031003
202445050804
202442061806
202442061807
202442061808
202442061809
202442061810
202442061811
202442061812
202444060307
202435070908
202435070909
202455082901
202455082902
202455082903
202455082904
202455082905
202455082906
202455082907
202455082908
202455082909
202455082910
202455082911
202455082912
202442081912
202444081601
202444081602
202444081603
202444081604
202444081605
202444081606
202444081607
202444081608
202444081609
202444081610
202444081611
202444081612
202447081402
202435081201
202435081202
202435081203
202435081204
202435081205
202435081206
202435081207
202435081208
202435081209
202435081210
202435081211
202435081212
202435080409
202435080410
202435080411
202435080412
202455091602
202455091603
202455091606
202455091607
202455091608
202455091609
202455091610
202455091611
202436122910
202436122911
202436122912
202436121601
202436121602
202436121603
202436121604
202436121605
202436121606
202436121607
202436121608
202436121609
202436121610
202436121611
202436121612
202351012501
202351012502
202351012503
202351012504
202351012505
202351012506
202351012507
202351012508
202351012509
202351012510
202351012511
202351012512
202354012406
202354012407
202354012408
202354012409
202354012410
202354012411
202344030708
202344051110
202342060204
202342060205
202342060206
202342060207
202342060208
202342060209
202342060210
202342060211
202342060212
202348060205
202348060206
202348060207
202348060208
202348060209
202348060210
202348060211
202348060212
202350060201
202350060202
202350060203
202350060204
202350060205
202350060206
202350060207
202350060208
202350060209
202350060210
202350060211
202355070804
202355070805
202347081501
202347081502
202347081503
202347081504
202347081505
202347081506
202347081507
202347081508
202347081509
202347081510
202343092502
202343092503
202344090801
202344090802
202344090803
202344090804
202344090805
202344090806
202344090807
202344090808
202344090809
202344090810
202344090811
202344090812
202346111908
202346111909
202346111910
202346122301
202346122302
202346122303
202346122304
202346122305
202346122306
202346122307
202346122308
202346122309
202346122310
202336121801
202336121802
202336121803
202336121804
202336121805
202336121806
202336121807
202336121808
202336121809
202336121810
202336121811
202344120501
202344120502
202344120503
202344120504
202344120505
202344120506
202344120507
202344120508
202344120509
202344120510
202344120511
202344120512
202245010608
202245010609
202245010610
202245010611
202236010301
202236010302
202236010303
202236010304
202236010305
202236010306
202236010307
202236010308
202236010309
202236010310
202236010206
202236010207
202236010208
202236010209
202236010210
202265031902
202265031903
202265031904
202265031905
202265030508
202265030509
202265030510
202265030511
202244040101
202244040102
202244040103
202244040104
202244040105
202244040106
202244040107
202244040108
202244040109
202244040110
202244040111
202244040112
202265070403
202265070404
202265070405
202254091901
202254091902
202254091903
202254091904
202254091905
202254091906
202254091907
202254091908
202254091909
202254091910
202254091911
202254091912
202255091901
202255091902
202255091903
202255091904
202255091905
202255091906
202255091907
202255091908
202255091909
202255091910
202255091911
202254091805
202254091806
202254091807
202254091808
202254091809
202254091810
202254091811
202254091812
202255091801
202255091802
202255091803
202255091804
202255091805
202255091806
202255091807
202255091808
202255091809
202255091810
202255091811
202250112307
202246122501
202246122502
202246122503
202246122504
202246122505
202246122506
202246122507
202246122508
202246122509
202246122510
202246122401
202246122402
202246122403
202246122404
202246122405
202246122406
202246122407
202246122408
202246122409
202246122410
202246122301
202246122302
202246122303
202246122304
202246122305
202246122306
202246122307
202246122308
202246122309
202246122310
202246122311
202265122301
202265122302
202265122303
202265122304
202265122305
202265122306
202265122307
202265122308
202265122309
202265122310
202265122311
202265122312
202236122011
202246122001
202246122002
202246122003
202246122004
202246122005
202246122006
202246122007
202246122008
202246122009
202246122010
202246122011
202236121908
202236121909
202236121910
202236121911
202236121801
202236121802
202236121803
202236121804
202236121805
202236121806
202236121807
202236121808
202236121809
202236121810
202236121811
201955012611
201955012612
201935052107
201935052108
201935052111
201930051608
201947062001
201947062002
201947062003
201947062004
201947062005
201947062006
201947062007
201947062008
201947062009
201947062010
201947062011
201947061901
201947061902
201947061903
201947061904
201947061905
201947061906
201947061907
201947061908
201947061909
201947061910
201947061801
201947061802
201947061803
201947061804
201947061805
201947061806
201947061807
201947061808
201947061809
201947061810
201955072101
201955072102
201955072103
201955072104
201955072105
201955072106
201955072107
201955072108
201955072109
201955072110
201955072111
201955072112
201950081501
201950081502
201950081503
201950081504
201950081505
201950081506
201950081507
201950081508
201950081509
201950081510
201950081511
201950081512
201935080512
201965112404
201965112405
201965112406
201965112407
201965112408
201965112409
201965112410
201965112411
201935111801
201935111802
201935111803
201935111804
201935111805
201935111806
201935111807
201935111808
201935111809
201935111810
201935111811
201935111812
202050010804
202050010805
202050010806
202050010807
202050010808
202050010809
202050010810
202050010811
202050010812
202048041011
202047040205
202030052711
202043061901
202043061902
202043061903
202043061904
202043061905
202030072210
202035071906
202035071907
202030070811
202045082601
202045082602
202045082603
202045082604
202045082605
202045082606
202045082607
202045082608
202045082609
202045082610
202045082611
202045082612
202045082501
202045082502
202045082503
202045082504
202045082505
202045082506
202045082507
202045082508
202045082509
202045082510
202045082511
202045082512
202045082401
202045082402
202045082403
202045082404
202045082405
202045082406
202045082407
202045082408
202045082409
202045082410
202045082411
202045082412
202042081310
202042081311
202042081312
202042081207
202042081208
202042081209
202042081210
202042081211
202042081212
202054090609
202054090610
202054090611
202054090612
202048090401
202048090402
202048090403
202048090404
202048090405
202048090406
202048090407
202048090408
202048090409
202048090410
202048090411
202048090412
202036123002
202036123003
202036123004
202036123005
202036123006
202036123007
202036123008
202036123009
202036123010
202036122101
202036122102
202036122103
202036122104
202036122105
202036122106
202036122107
202036122108
202036122109
202036122110
202036122111
202036122001
202036122002
202036122003
202036122004
202036122005
202036122006
202036122007
202036122008
202036122009
202036122010
202036122011
202036121901
202036121902
202036121903
202036121904
202036121905
202036121906
202036121907
202036121908
202036121909
202036121910
202036121911
202036121501
202036121502
202036121503
202036121504
202036121505
202036121506
202036121507
202036121508
202036121509
202036121510
202036121511
202147012101
202147012102
202147012103
202147012104
202147012105
202147012106
202147012107
202147012108
202147012109
202147012110
202147012111
202147012001
202147012002
202147012003
202147012004
202147012005
202147012006
202147012007
202147012008
202147012009
202147012010
202147012011
202147011901
202147011902
202147011903
202147011904
202147011905
202147011906
202147011907
202147011908
202147011909
202147011910
202147011911
202136011101
202136011102
202136011103
202136011104
202136011105
202136011106
202136011107
202136011108
202136011109
202136011110
202136011001
202136011002
202136011003
202136011004
202136011005
202136011006
202136011007
202136011008
202136011009
202136011010
202155011001
202155011002
202155011003
202155011004
202155011005
202155011006
202155011007
202155011008
202155011009
202155011010
202136010901
202136010902
202136010903
202136010904
202136010905
202136010906
202136010907
202136010908
202136010909
202136010910
202154021006
202155050401
202155050402
202155050403
202155050404
202155050405
202155050406
202155050407
202155050408
202155050409
202155050410
202155050411
202155050412
202155050301
202155050302
202155050303
202155050304
202155050305
202155050306
202155050307
202155050308
202155050309
202155050310
202155050311
202155050312
202136061511
202130071510
202130071511
202130071512
202150071405
202148071208
202155081501
202155081502
202155081503
202155081504
202155081505
202155081506
202155081507
202155081508
202155081509
202155081510
202155081511
202155081401
202155081402
202155081403
202155081404
202155081405
202155081406
202155081407
202155081408
202155081409
202155081410
202155081411
202146080101
202146080102
202146080103
202146080104
202146080105
202146080106
202146080107
202146080108
202146080109
202146080110
202146080111
202143100105
202143100106
202143100107
202143100108
202143100109
202143100110
202143100111
202143100112
202135112211
202135112212
202136123104
202136123107
202136123108
202136123109
202136123110
202136122701
202136122702
202136122703
202136122704
202136122705
202136122706
202136122707
202136122708
202136122709
202136122710
202146122701
202146122702
202146122703
202146122704
202146122705
202146122706
202146122707
202146122708
202146122709
202146122710
202147122705
202147122706
202147122707
202147122708
202147122709
202147122710
202147122711
202147122712
202136122601
202136122602
202136122603
202136122604
202136122605
202136122606
202136122607
202136122608
202136122609
202136122610
202136122101
202136122102
202136122103
202136122104
202136122105
202136122106
202136122107
202136122108
202136122109
202136122110
202136122111
202136122004
202136122005
202136122006
202136122007
202136122008
202136122009
202136122010
202136122011
202136121903
202136121904
202136121905
202136121906
202136121907
202136121908
202136121909
202136121910
202136121911
202542031901
202542031902
202542031903
202542031904
202542031905
202542031906
202542031907
202542031908
202542031909
202542031910
202542031911
202542031912
202536031706
202536031707
202536031708
202536031709
202536031710
202536031711
202536031712
202565042601
202565042602
202565042603
202565042604
202565042605
202565042606
202565042607
202565042608
202565042609
202565042610
202565042611
202565042612
202545041108
202545041109
202545041110
202554052408
202554052409
202554052410
202542062507
202542062508
202530073001
202530073002
202530073003
202530073004
202530073005
202530073006
202530073007
202530073008
202530073009
202530073010
202530073011
202530073012
202545071010
202544070106
202543083010
202543083011
202543083012
202542081807
202542081808
202542081809
202545091102
202545091103
202545091104
202545091105
202545091106
202545091107
202545091108
202545091109
202545091110
202545091111
202545091112
202565090109
202565090110
202565090111
202565090112
202565121501
202565121502
202565121503
202565121504
202565121505
202565121506
202565121507
202565121508
202565121509
202565121510
202565121511
202565121512
202536121401
202536121402
202536121403
202536121410
202536121411
202536121412
202565121406
202565121407
